$ANSIBLE_VAULT;1.1;AES256
64303464616366363036393438616534396133363764386634306437353331643134666631303663
3238396331356662306233616261383663623066313537370a663234656435663630396335643266
35643133303161623864623937363764333932653465626339393661323038386232363035366636
3330653766353930310a393664646637616230633237643130393133653562373938326233646532
62323663376439636538633333633736393264313361353531396563633462653335396662373537
36333833343761656131363963303038633735313266646339646139336233326164623261376639
31333163353366393037373865663261393465616331356261643762373931303333633938626238
61323036306432363563303134376330303138363134646562666437636330383165373033313866
61663939326635666463303764353666663536313533666362393762363037363864323433313262
38656533616464663934333161333062396663653332326165656637323136623363363136653835
34356639626630383537636165346632323835633264326638363934636332363166373765646565
38373838373932663032333331643262373963663564343530383230333766363065393432336631
65363665386265623236303063636565663165386339383665366535333733623736613438316431
66303430333435326134303338626635663239353162323331643762376664626630323337623432
63336265656261306664373638343839666263343031656465353435633430656630333031646564
36316463323938353931376362386536363137653136303965393165663935373838613934323662
31356137663765383931393337633163396461346236663230346161316465303030663232353030
64363030333330663163373465303937383962316463643765613232663435386331386463303835
62636538623230313361613539326363396264633631643864353963336134353135303135666337
65616638626134636432613865613938316437386636383532356130353762653634623366373034
66303230353331323063626131373935643533393331313361366633613035353662336565353733
31303236356266663439633465353464626265653864656437346430366365376664373731343663
36313731633466323962353232386436373634616239333431396536303065646532386232383037
61393161396630636330613638323365636664643932323138393264633331633766323363616433
61333065623331383838356637313132636262633362643536383633393237666662636635306166
36613132336330643663366232366666333538616637363030623962323337613430313362616461
37653064633865383865653935313537316633663136323936653939623365306337633535363939
35333866666361363234653364626433383732303432303565333164373463386230333134383461
38656530643562633232343031313138656632383434646264646133303134376536326130393833
65393636393732393936386561366633363637313535363337366438636665376261623632396634
34356533356631333034646266356134653232353539636432396634363061613565323636636336
61643866343335643931656366396432633662386237383734633666636363376238363637656466
37383832396337383630653931313731306533616663616532333838356137356339383831346135
33636365326566333031356462366466393830623838323637646234623633623961336133356332
63383566316533333836343836613039316534353430393937326531333765333261656534336337
39333962333430316431366338383038316436666165393639643238633665353465663462336661
61343830613533613262353737366239376633613761306365623637313762616133
