$ANSIBLE_VAULT;1.1;AES256
34666466356231333036346238366334356463623861326337643732333665366566313738383033
3266616538643931653164663365613336313730663762660a373638383132643034663936343563
31383534646136383931333463393938323164633439663532396665376335666235376639373566
3334373537626363350a396534633636613134373465323136326234353135356464636635613439
30613061313562613730656665346632663562613230393831366431636432333664316466383636
63626238633034343434303439623464303232376438336339396535336435653761373634303663
64643665323961636238313662393632363138343233666638356632653936383237306234396633
31343135303032643063623734326564333730623761653363653535313563613561323061333631
62616332373837373461366535636365336265646231323163653832333733346666383236366331
30646564303566343963346465313032376637366464363235393132616664636534363332333634
653464313863313030386339306233333538
